10030
10032
10045
10069
10083
10090
10112
10114
10117
10133
10183
10204
10245
10251
10324
10336
10384
10386
10392
10430
10453
10461
10465
10475
10478
10488
10553
10571
10573
10584
10598
10615
10648
10712
10751
10761
10765
10840
10860
10865
10871
10892
10895
10902
10942
10944
10978
11021
11053
11134
11143
11200
11232
11267
11286
11324
11325
11339
11345
11354
11372
11373
11375
11390
11391
11393
11397
11399
11416
11423
11426
11428
11430
11445
11462
11471
11476
11499
11501
11502
11513
11515
11536
11549
11550
11561
20074
20085
20098
20099
20131
20176
20185
20232
20273
20275
20313
20333
20345
20347
20391
20398
20426
20463
20479
30002
30017
30020
30035
30051
30065
30138
30148
30164
30167
30168
30175
30267
30277
30287
30292
30358
30361
30387
30411
30493
30494
30502
30505
30523
30533
30542
30546
30584
30590
30592
30630
30632
30640
30658
30661
30712
30716
30746
30810
30844
30853
30859
30898
30944
30982
31000
31016
31023
31024
31077
31138
31149
31160
31176
31189
31208
31225
31250
31254
31351
31388
31404
31421
31466
31476
31489
31501
31507
31536
31567
31582
31590
31611
31631
31633
31646
31703
31725
31748
31796
31833
32005
32034
32053
32166
32304
32312
32315
32467
32477
32566
32596
32688
32731
32886
32954
33009
33013
33021
33051
33137
33302
33401
33511
33527
33545
33550
33708
33822
33829
33893
33898
33909
33935
34033
34311
34319
34381
35260
35351
35358
35393
35414
35422
35429
35448
35481
35489
35492
35506
35540
35553
35555
35597
35667
35690
35734
35752
35778
35790
35792
35825
35853
35860
35867
35877
35881
35883
35967
35974
36008
36899
36948
37033
37089
37197
37208
37216
37285
37301
37329
37340
37359
37887
37893
37917
37949
37997
37998
38019
38028
38198
38212
38214
38225
38257
38273
38317
38323
38332
38377
38549
38577
38602
38606
38624
38747
38753
38766
38769
38792
38796
38815
38840
38874
38899
38902
38931
38978
38984
38997
39031
39042
39055
39056
39072
39077
39078
39100
39118
39156
39158
39221
39233
39237
39327
39592
39681
39761
39787
39801
39809
39829
39834
39938
39988
40011
40098
40174
40211
40219
40272
40317
40351
40440
40467
40599
40636
40672
40919
41059
41124
41183
41431
41482
41509
41553
41673
41676
41695
41740
41741
41744
41758
41763
41784
41807
41823
41829
41835
41874
41887
41917
41929
41933
41949
41972
41974
41980
42012
42026
42036
42054
42077
42132
42235
42437
42438
42522
43094
43106
43152
43229
43245
43326
43381
43451
43594
43772
43800
43805
43902
43905
43918
43928
44014
44068
44120
44124
44135
44174
44222
44287
44303
44306
44310
44333
44360
44446
44533
44652
44672
44704
44734
44862
44867
44870
44875
44970
44976
45044
45070
45090
45134
45419
45511
45513
45535
70067
70070
70080
70096
70105
70116
70118
70125
70137
70138
70145
70151
70213
70228
70287
70299
70305
70362
70429
70438
70448
70485
70496
70604
